,month,year,category,price,qty,amount
0,Jan,2017,food,2.75,4,11.0
1,Jan,2017,drink,-0.25,4,-1.0
2,JAN,2017,dessert,0.75,2,1.5
3,Jan,2018,food,2.75,5,13.75
4,Jan,2018,drink,-0.25,5,-1.25
5,Jan,2018,dessert,0.75,3,2.25
6,Jan,2019,food,2.75,5,13.75
7,Jan,2019,drink,-0.25,6,-1.5
8,Jan,2019,dessert,0.75,4,3.0
9,Feb,2017,food,3.25,4,13.0
10,Feb,2017,drink,0.25,4,1.0
11,Feb,2017,dessert,1.25,2,2.5
12,Feb,2018,food,3.25,5,16.25
13,Feb,2018,drink,0.25,5,1.25
14,Feb,2018,dessert,1.25,3,3.75
15,Feb,2019,food,3.25,5,16.25
16,Feb,2019,drink,0.25,6,1.5
17,Feb,2019,dessert,1.25,3,3.75
18,Mar,2017,food,3.75,3,11.25
19,MAR,2017,drink,0.75,3,2.25
20,Mar,2017,dessert,1.75,1,1.75
21,MAR,2018,food,3.75,4,15.0
22,Mar,2018,drink,0.75,4,3.0
23,Mar,2018,dessert,1.75,2,3.5
24,Mar,2019,food,3.75,4,15.0
25,Mar,2019,drink,0.75,5,3.75
26,Mar,2019,dessert,1.75,3,5.25
27,Apr,2017,food,4.25,3,12.75
28,Apr,2017,drink,1.25,3,3.75
29,APR,2017,dessert,2.25,1,2.25
30,Apr,2018,drink,1.25,4,5.0
31,Apr,2018,dessert,2.25,2,4.5
32,Apr,2019,food,4.25,4,17.0
33,APR,2019,drink,1.25,5,6.25
34,Apr,2019,dessert,2.25,3,6.75
35,MAY,2017,food,5.0,2,10.0
36,May,2017,drink,2.0,3,6.0
37,May,2017,dessert,3.0,1,3.0
38,May,2018,food,5.0,3,15.0
39,May,2018,drink,2.0,3,6.0
40,May,2018,dessert,3.0,1,3.0
41,May,2019,food,5.0,3,15.0
42,May,2019,drink,2.0,4,8.0
43,May,2019,dessert,3.0,2,6.0
44,Jun,2017,food,5.5,2,11.0
45,JUN,2017,drink,2.5,2,5.0
46,Jun,2017,dessert,3.5,0,0.0
47,Jun,2018,food,5.5,2,11.0
48,Jun,2018,drink,2.5,2,5.0
49,Jun,2018,dessert,3.5,0,0.0
50,Jun,2019,food,5.5,3,16.5
51,Jun,2019,drink,2.5,4,10.0
52,Jun,2019,dessert,3.5,1,3.5
53,Jul,2017,food,5.25,1,5.25
54,Jul,2017,drink,2.25,1,2.25
55,Jul,2017,1059,3.25,0,0.0
56,Jul,2018,food,5.25,1,5.25
57,Jul,2018,drink,2.25,2,4.5
58,Jul,2018,dessert,3.25,0,0.0
59,Jul,2019,food,5.25,2,10.5
60,Jul,2019,drink,2.25,2,4.5
61,Jul,2019,dessert,3.25,0,0.0
62,Aug,2017,food,5.0,2,10.0
63,Aug,2017,drink,2.0,2,4.0
64,Aug,2017,dessert,3.0,0,0.0
65,Aug,2018,food,5.0,2,10.0
66,Aug,2018,drink,2.0,3,6.0
67,Aug,2018,dessert,3.0,1,3.0
68,Aug,2019,food,5.0,3,15.0
69,Aug,2019,drink,2.0,4,8.0
70,Aug,2019,dessert,3.0,1,3.0
71,SEP,2017,food,4.0,2,8.0
72,Sep,2017,drink,1.0,3,3.0
73,Sep,2017,dessert,2.0,0,0.0
74,Sep,2018,food,4.0,3,12.0
75,Sep,2018,drink,1.0,3,3.0
76,Sep,2018,dessert,2.0,1,2.0
77,Sep,2019,food,4.0,4,16.0
78,Sep,2019,drink,1.0,4,4.0
79,Sep,2019,dessert,2.0,2,4.0
80,Oct,2017,food,3.75,4,15.0
81,Oct,2017,drink,0.75,4,3.0
82,Oct,2017,dessert,1.75,2,3.5
83,Oct,2018,food,3.75,4,15.0
84,Oct,2018,drink,0.75,4,3.0
85,Oct,2018,dessert,1.75,2,3.5
86,Oct,2019,food,3.75,5,18.75
87,Oct,2019,drink,0.75,5,3.75
88,Oct,2019,dessert,1.75,3,5.25
89,Nov,2017,food,3.5,4,14.0
90,Nov,2017,drink,0.5,4,2.0
91,Nov,2017,dessert,1.5,2,3.0
92,Nov,2018,food,3.5,4,14.0
93,Nov,2018,drink,0.5,5,2.5
94,NOV,2018,dessert,1.5,3,4.5
95,Nov,2019,food,3.5,5,17.5
96,Nov,2019,drink,0.5,6,3.0
97,Nov,2019,dessert,1.5,4,6.0
98,Dec,2017,food,3.0,4,12.0
99,Dec,2017,drink,0.0,4,0.0
100,Dec,2017,dessert,1.0,2,2.0
101,Dec,2018,food,3.0,5,15.0
102,Dec,2018,drink,0.0,5,0.0
103,Dec,2018,dessert,1.0,3,3.0
104,Dec,2019,food,3.0,5,15.0
105,Dec,2019,drink,0.0,6,0.0
106,Dec,2019,dessert,1.0,4,4.0
